最近 100 期统计——冷号池：
  冷红球(16) : [4, 5, 6, 7, 11, 12, 14, 15, 16, 17, 20, 21, 26, 27, 29, 32]
    频次     : [(21, 11), (11, 12), (16, 12), (5, 13), (12, 13), (17, 13), (7, 14), (20, 14), (26, 14), (27, 14), (29, 14), (14, 15), (15, 16), (4, 17), (6, 17), (32, 17)]
  冷蓝球(8)  : [4, 5, 6, 7, 8, 9, 11, 14]
    频次     : [(9, 2), (14, 2), (11, 4), (6, 5), (4, 6), (5, 6), (7, 6), (8, 6)]

生成 5 注冷门组合（红球 4~5 个来自冷红池，蓝球来自冷蓝池）：

注号   红球                          蓝球   冷红命中      和值
------------------------------------------------------------
 1   04 11 12 16 17 20    11    6/6       80
 2   06 07 11 15 16 26    11    6/6       81
 3   06 07 12 17 29 32    05    6/6       103
 4   06 07 15 16 17 32    11    6/6       93
 5   07 12 13 15 17 21    04    5/6       85
