参考最近 8 期：
  26052 2026-05-10  Red: 01 03 11 22 26 31  Blue: 11
  26053 2026-05-12  Red: 01 02 03 08 13 14  Blue: 02
  26054 2026-05-14  Red: 13 20 25 29 30 33  Blue: 02
  26055 2026-05-17  Red: 04 11 24 25 32 33  Blue: 13
  26056 2026-05-19  Red: 10 19 21 22 31 33  Blue: 05
  26057 2026-05-21  Red: 01 10 22 24 28 30  Blue: 07
  26058 2026-05-24  Red: 01 04 07 21 29 30  Blue: 01
  26059 2026-05-26  Red: 08 16 26 28 29 30  Blue: 15

最近 8 期已出红号池(24个): [1, 2, 3, 4, 7, 8, 10, 11, 13, 14, 16, 19, 20, 21, 22, 24, 25, 26, 28, 29, 30, 31, 32, 33]
最近 8 期已出蓝号池(7个): [1, 2, 5, 7, 11, 13, 15]
最新一期(26059)红球: [8, 16, 26, 28, 29, 30]
次新一期(26058)红球: [1, 4, 7, 21, 29, 30]

生成 5 注（每注至少与最近 1 期和次新 1 期各有 1 个红球相同）：

注号   红球                          蓝球   与26059相同      与26058相同
---------------------------------------------------------------------------
 1   01 04 26 29 32 33    02    [26, 29]      [1, 4, 29]
 2   01 05 07 13 28 30    15    [28, 30]      [1, 7, 30]
 3   01 14 20 25 29 33    15    [29]          [1, 29]
 4   04 07 16 17 24 26    05    [16, 26]      [4, 7]
 5   08 10 15 26 29 30    07    [8, 26, 29, 30][29, 30]
