参考池：
  最新一期(26059)红球 : [8, 16, 26, 28, 29, 30]
  100期热号 top10     : [1, 2, 3, 9, 10, 13, 22, 24, 25, 30]
  当前遗漏≥10期的红球: [5, 12, 17, 18, 23]  (含遗漏值)
    [(5, 42), (23, 19), (12, 17), (17, 14), (18, 10)]

精选 5 注：

#  红球                        蓝   和    奇:偶     3区(小:中:大)     含最新     含热    含冷
--------------------------------------------------------------------------------------------------------------------------------------------------------
 1  01 08 09 16 18 23    09  75   3:3     (3:2:1)        [8, 16] [1, 9][18, 23]
 2  04 12 17 25 28 29    08  115  3:3     (1:2:3)        [28, 29][25]  [12, 17]
 3  07 16 18 21 30 32    05  124  2:4     (1:3:2)        [16, 30][30]  [18]
 4  03 08 09 20 23 32    10  95   3:3     (3:1:2)        [8]     [3, 9][23]
 5  05 16 17 19 24 27    10  108  4:2     (1:3:2)        [16]    [24]  [5, 17]
